-0.00915527
-0.01678466
-0.02441405
-0.03204344
-0.03814696
-0.04577635
-0.05340574
-0.06256101
-0.07324221
-0.08087160
-0.08392333
-0.09002684
-0.09460445
-0.09460445
-0.09613032
-0.09918213
-0.10528564
-0.10986327
-0.10986327
-0.11291508
-0.10986335
-0.10528572
-0.09918224
-0.10070812
-0.10070812
-0.09613044
-0.09155281
-0.08697518
-0.08392337
-0.08087156
-0.08087156
-0.08239749
-0.08392336
-0.08697509
-0.09307860
-0.09918208
-0.09765620
-0.09613032
-0.09918213
-0.10528564
-0.10986327
-0.10986327
-0.11291508
-0.10986335
-0.10528572
-0.09918224
-0.10070812
-0.10070812
-0.09613044
-0.09155281
-0.08697518
-0.09002688
-0.08544920
-0.07934569
-0.07629394
-0.07934569
-0.07934569
-0.07934569
-0.08850097
-0.09765620
-0.10528563
-0.10375973
-0.10681148
-0.11291499
-0.11291499
-0.10986324
-0.10681149
-0.10528562
-0.09460446
-0.08239748
-0.07171630
-0.06561282
-0.06256107
-0.05950932
-0.06713870
-0.06713870
-0.06408694
-0.06408694
-0.06866457
-0.07171632
-0.07324219
-0.08239747
-0.09460445
-0.10528563
-0.10375973
-0.10681148
-0.11291499
-0.11291499
-0.10986324
-0.10681149
-0.10528562
-0.09460446
-0.08239748
-0.07171630
-0.06561282
-0.06256107
-0.05950932
-0.05950932
-0.06408700
-0.06866468
-0.06866468
-0.07171643
-0.07629411
-0.07629411
-0.07476823
-0.07019059
-0.06713883
-0.06866470
-0.06256114
-0.05340582
-0.05187994
-0.05035407
-0.04577639
-0.05035407
-0.05645763
-0.06103527
-0.06561290
-0.06866471
-0.07019059
-0.07324235
-0.07019059
-0.06713883
-0.06866470
-0.06256114
-0.05340582
-0.05187994
-0.05035407
-0.04577639
-0.04272463
-0.04425051
-0.05187990
-0.05950934
-0.06256115
-0.07171641
-0.08697523
-0.09765639
-0.10375987
-0.10528574
-0.10528574
-0.10070810
-0.09765635
-0.09613042
-0.09307861
-0.08239747
-0.07171629
-0.06561276
-0.06103515
-0.06256103
-0.06713866
-0.07324217
-0.07629392
-0.07324217
-0.06866454
-0.07171630
-0.07476805
-0.07629398
-0.07934579
-0.08392342
-0.09307873
-0.10070814
-0.10375987
-0.10528574
-0.10528574
-0.10070810
-0.09765635
-0.09613042
-0.09307861
-0.08239747
-0.07171629
-0.06561276
-0.06103515
-0.06256103
-0.06713866
-0.07324217
-0.07629392
-0.07476804
-0.07934565
-0.08850089
-0.09155264
-0.08850089
-0.08544914
-0.08239739
-0.07934564
-0.07629389
-0.07324214
-0.07629395
-0.07476815
-0.07476815
-0.07476815
-0.07629402
-0.07934577
-0.08544925
-0.09307861
-0.09765624
-0.09765624
-0.09155268
-0.08697500
-0.07934564
-0.07476801
-0.07324214
-0.07629395
-0.07476815
-0.07476815
-0.07476815
-0.07629402
-0.07934577
-0.07934577
-0.08392340
-0.08392340
-0.08392340
-0.08087159
-0.07934566
-0.07781986
-0.07629398
-0.07476811
-0.07476811
-0.07781986
-0.07934579
-0.08087167
-0.08392342
-0.08239755
-0.08087167
-0.07934574
-0.08239755
-0.09002693
-0.09765634
-0.09918227
-0.09918227
-0.10070814
-0.09765639
-0.10070814
-0.09765639
-0.09460464
-0.09155283
-0.08697520
-0.08239760
-0.07934579
-0.07476811
-0.07476811
-0.07781986
-0.07934579
-0.08087167
-0.08392342
-0.08239755
-0.08087167
-0.07934574
-0.08239755
-0.09002693
-0.09765634
-0.09918227
-0.09918227
-0.10681165
-0.11138928
-0.11291515
-0.11138928
-0.11138928
-0.10986335
-0.10375984
-0.09460456
-0.09155275
-0.08697507
-0.07781981
-0.06866455
-0.06866455
-0.07476803
-0.07781976
-0.07934569
-0.08087157
-0.08544925
-0.08697513
-0.08544925
-0.08544925
-0.08850100
-0.08544925
-0.08697515
-0.08850105
-0.08544924
-0.08239749
-0.08087156
-0.08087156
-0.08392331
-0.08544919
-0.08544919
-0.08697507
-0.07781981
-0.06866455
-0.06866455
-0.07476803
-0.07781976
-0.07934569
-0.08087157
-0.08544925
-0.08697513
-0.08544925
-0.08544925
-0.08850100
-0.08544925
-0.07781989
-0.07019053
-0.06408697
-0.05950934
-0.05340578
-0.04882815
-0.05035403
-0.05493166
-0.05493166
-0.05645754
-0.06256110
-0.06866466
-0.07629402
-0.08239758
-0.09002694
-0.09765630
-0.09613042
-0.09155279
-0.08850104
-0.08697516
-0.08087160
-0.07476804
-0.06866456
-0.06713863
-0.06256102
-0.05645754
-0.06256110
-0.06866466
-0.07629402
-0.08239758
-0.09002694
-0.09765630
-0.10223398
-0.10528571
-0.10986332
-0.11749270
-0.11749270
-0.11749270
-0.11444097
-0.10833741
-0.10223393
-0.09918220
-0.09918220
-0.09765640
-0.09613060
-0.08544946
-0.08087178
-0.07781997
-0.07476822
-0.07934585
-0.07934585
-0.07476822
-0.07019054
-0.06561286
-0.06103518
-0.06866462
-0.07476810
-0.07934571
-0.08697509
-0.08850102
-0.09307870
-0.09765633
-0.09613045
-0.09613045
-0.09918220
-0.09918220
-0.09765640
-0.09613060
-0.08544946
-0.08087178
-0.07781997
-0.07476822
-0.07934585
-0.07934585
-0.07476822
-0.07019054
-0.06561286
-0.06103518
-0.06561281
-0.06561281
-0.06561281
-0.06866456
-0.06713868
-0.06866455
-0.07171630
-0.07629398
-0.07934573
-0.07934573
-0.07629398
-0.07476810
-0.07019047
-0.06713872
-0.06866460
-0.06866460
-0.06866460
-0.06408692
-0.06256104
-0.06561279
-0.06866454
-0.07171629
-0.07629392
-0.08087160
-0.08087160
-0.07934573
-0.07629398
-0.07476810
-0.07019047
-0.06713872
-0.06866460
-0.06866460
-0.07019048
-0.07019048
-0.07171641
-0.07629409
-0.08087172
-0.08697528
-0.09460472
-0.09460472
-0.09307884
-0.09460472
-0.09613065
-0.09460472
-0.09002704
-0.08544936
-0.08544936
-0.08239755
-0.08087162
-0.08392337
-0.09002688
-0.09307861
-0.09460441
-0.09765614
-0.10375962
-0.10681137
-0.10833730
-0.11138911
-0.11291504
-0.11291504
-0.10986334
-0.10833754
-0.10223406
-0.09765645
-0.09460472
-0.09613065
-0.09460472
-0.09002704
-0.08544936
-0.08544936
-0.08239755
-0.08087162
-0.08392337
-0.09002688
-0.09307861
-0.09460441
-0.09765614
-0.10375962
-0.10986310
-0.11291483
-0.12054424
-0.12664777
-0.13275130
-0.13580310
-0.13885490
-0.14038080
-0.14038080
-0.13885500
-0.13580327
-0.12969979
-0.12359626
-0.11444098
-0.10681157
-0.10223387
-0.09918207
-0.10070797
-0.10375977
-0.10833737
-0.11596680
-0.12512208
-0.12969971
-0.13580319
-0.13885500
-0.13580327
-0.12969979
-0.12359626
-0.11444098
-0.10681157
-0.10223387
-0.09765627
-0.09613037
-0.09613037
-0.09460444
-0.09307856
-0.09613031
-0.09460443
-0.09918211
-0.10528562
-0.10528562
-0.10375969
-0.09918208
-0.09765628
-0.09918221
-0.10223402
-0.10223402
-0.10223402
-0.10070809
-0.09918219
-0.09613046
-0.09460458
-0.09765639
-0.09918219
-0.09918219
-0.10070799
-0.10375972
-0.10528560
-0.10375972
-0.10070799
-0.09918211
-0.10223392
-0.10528562
-0.10528562
-0.10375969
-0.09918208
-0.09765628
-0.09918221
-0.10223402
-0.10223402
-0.10223402
-0.10070809
-0.09918219
-0.09613046
-0.09460458
-0.09765639
-0.09613046
-0.09307865
-0.09002684
-0.09002684
-0.09460445
-0.09613038
-0.09307865
-0.09307865
-0.09155278
-0.08697510
-0.08544922
-0.08850103
-0.09460454
-0.09307866
-0.08392342
-0.08087161
-0.07934573
-0.07934573
-0.08239748
-0.08850096
-0.09307857
-0.08850089
-0.08087151
-0.08392332
-0.09002683
-0.09002683
-0.09002683
-0.09002683
-0.09307856
-0.09155276
-0.08850103
-0.09155278
-0.09155278
-0.08697510
-0.08544922
-0.08850103
-0.09460454
-0.09307866
-0.08392342
-0.08087161
-0.07934573
-0.07934573
-0.08239748
-0.08850096
-0.09307857
-0.08850089
-0.08087151
-0.08392332
-0.09155276
-0.09460457
-0.09613045
-0.09460457
-0.09307869
-0.08544933
-0.07629409
-0.07629409
-0.07629409
-0.06866465
-0.06256109
-0.05645753
-0.05035402
-0.04882815
-0.05035403
-0.05645759
-0.06408703
-0.06713878
-0.06866465
-0.07324228
-0.07324228
-0.07171640
-0.07476816
-0.07476816
-0.06866465
-0.06256109
-0.05645753
-0.05035402
-0.04882815
-0.05035403
-0.05493166
-0.06103517
-0.06256104
-0.06256104
-0.06866455
-0.07629391
-0.08087154
-0.08697505
-0.09307853
-0.09307853
-0.09155265
-0.09002677
-0.08697502
-0.08392326
-0.07934563
-0.07324215
-0.06713864
-0.05950925
-0.04730225
-0.04119874
-0.03662111
-0.03662111
-0.04119874
-0.04882818
-0.05340581
-0.05645756
-0.06103519
-0.06561283
-0.07476810
-0.08392334
-0.09002685
-0.09155273
-0.09460446
-0.09307853
-0.09155265
-0.09002677
-0.08697502
-0.08392326
-0.07934563
-0.07324215
-0.06713864
-0.05950925
-0.04730225
-0.04119874
-0.03662111
-0.03662111
-0.04119874
-0.04882818
-0.05493174
-0.05798349
-0.06103525
-0.07019057
-0.08544937
-0.09460461
-0.10070812
-0.10375993
-0.10833756
-0.11138926
-0.11291506
-0.11291506
-0.11444093
-0.11138912
-0.10375971
-0.10223391
-0.10223391
-0.09765623
-0.09460453
-0.09613043
-0.09613043
-0.09613043
-0.09918224
-0.10528575
-0.11138926
-0.11291506
-0.11291506
-0.11444093
-0.11138912
-0.10375971
-0.09918210
-0.09765622
-0.09460441
-0.09002678
-0.08239740
-0.07629392
-0.07019041
-0.06713866
-0.06866454
-0.06713867
-0.06713867
-0.06713867
-0.06561280
-0.05950929
-0.05493165
-0.05340577
-0.05645753
-0.05950928
-0.06103521
-0.06561289
-0.06866470
-0.07171651
-0.07629419
-0.08087182
-0.08697533
-0.09002708
-0.09307883
-0.09155296
-0.08697528
-0.07934584
-0.07324228
-0.07171635
-0.06713867
-0.06713867
-0.06713867
-0.06561280
-0.05950929
-0.05493165
-0.05340577
-0.05645753
-0.05950928
-0.06103521
-0.06561289
-0.06866470
-0.07171651
-0.07629419
-0.08087182
-0.08392358
-0.08087182
-0.07782006
-0.07629419
-0.07324238
-0.06866470
-0.06256114
-0.05645758
-0.05035402
-0.04882815
-0.05340578
-0.05645754
-0.05798342
-0.05950929
-0.05798342
-0.05950929
-0.06561285
-0.07324221
-0.08087157
-0.08697505
-0.09155268
-0.09918204
-0.10223379
-0.09918204
-0.09460440
-0.09002677
-0.08544909
-0.08087148
-0.07476800
-0.06713864
-0.05798338
-0.05035402
-0.04882815
-0.05340578
-0.05645754
-0.05798342
-0.05950929
-0.05798342
-0.05950929
-0.06561285
-0.07324221
-0.08087157
-0.08697505
-0.09155268
-0.09918204
-0.10528560
-0.10528560
-0.10681147
-0.10986328
-0.10833735
-0.10375974
-0.09460450
-0.08239750
-0.07324224
-0.07019051
-0.06866458
-0.07476809
-0.08087160
-0.07934567
-0.08087160
-0.08392341
-0.08850104
-0.09613043
-0.10223399
-0.10223399
-0.10070811
-0.09002697
-0.07629407
-0.07171644
-0.07019051
-0.06866458
-0.07476809
-0.08087160
-0.07934567
-0.08087160
-0.08239748
-0.09002692
-0.10070812
-0.10375987
-0.10375987
-0.10681160
-0.10833750
-0.10833750
-0.10528575
-0.10070807
-0.09918219
-0.09613038
-0.09307857
-0.09155270
-0.08697507
-0.07781983
-0.06713867
-0.05798341
-0.05645753
-0.05798340
-0.06103521
-0.06256109
-0.06408697
-0.06866465
-0.07324228
-0.08087172
-0.08697528
-0.09002703
-0.09460466
-0.09918227
-0.10375987
-0.10833750
-0.10528575
-0.10070807
-0.09918219
-0.09613038
-0.09307857
-0.09155270
-0.08697507
-0.07781983
-0.06713867
-0.05798341
-0.05645753
-0.05798340
-0.06103521
-0.06256109
-0.06408697
-0.06866465
-0.07476821
-0.08087172
-0.08544935
-0.08697523
-0.09002698
-0.09460459
-0.09765629
-0.09765629
-0.09155278
-0.08544922
-0.08544922
-0.08850095
-0.09002688
-0.09155275
-0.09002688
-0.08850108
-0.08392345
-0.08392345
-0.08697521
-0.09002696
-0.09155276
-0.09307866
-0.09155273
-0.08697510
-0.08544922
-0.08544922
-0.08850095
-0.09002688
-0.09155275
-0.09002688
-0.08544927
-0.07781989
-0.07781989
-0.08544933
-0.09155289
-0.09155289
-0.08850116
-0.08392348
-0.08239761
-0.08239761
-0.08087174
-0.08087174
-0.07629411
-0.07171643
-0.06713875
-0.06713875
-0.07476818
-0.08392346
-0.09002694
-0.09460462
-0.09613049
-0.09918224
-0.10375987
-0.10528574
-0.10528574
-0.10375981
-0.09765631
-0.09307871
-0.09155291
-0.09002698
-0.08850111
-0.08544936
-0.08239761
-0.08087174
-0.08087174
-0.07629411
-0.07171643
-0.06713875
-0.06713875
-0.07476818
-0.08392346
-0.09002694
-0.09460462
-0.09613049
-0.09918224
-0.10375987
-0.10681162
-0.10986337
-0.10833744
-0.10375974
-0.09765621
-0.09155273
-0.08697505
-0.08850093
-0.08697505
-0.08239742
-0.07934567
-0.07934567
-0.08087160
-0.07324224
-0.07019049
-0.07476817
-0.07934585
-0.07934585
-0.08087173
-0.08392348
-0.09002696
-0.09002696
-0.08697515
-0.09155278
-0.09460453
-0.09307860
-0.09460440
-0.09460440
-0.09155265
-0.09002678
-0.08697505
-0.08544917
-0.08239742
-0.07934567
-0.07934567
-0.08087160
-0.07324224
-0.07019049
-0.07476817
-0.07934585
-0.07934585
-0.08087173
-0.08392348
-0.09002696
-0.09002696
-0.08697515
-0.09765631
-0.10528569
-0.10681149
-0.10833729
-0.11138902
-0.11444075
-0.11749256
-0.11138908
-0.10375969
-0.09460442
-0.08087150
-0.06866448
-0.05950924
-0.05187988
-0.04577640
-0.04882820
-0.05187990
-0.05798338
-0.06866450
-0.08239738
-0.09307850
-0.10223382
-0.10528558
-0.10223382
-0.09460442
-0.08087150
-0.06866448
-0.05950924
-0.05187988
-0.04577640
-0.04577640
-0.04730220
-0.05035395
-0.05340571
-0.05798335
-0.06103511
-0.06256099
-0.06103511
-0.06103511
-0.06103511
-0.05340575
-0.04425051
-0.04272463
-0.04730226
-0.05187989
-0.05645752
-0.05798340
-0.06103516
-0.06561279
-0.06713866
-0.06561278
-0.06561278
-0.06256103
-0.06561276
-0.07019037
-0.07019037
-0.07019037
-0.06866449
-0.06408686
-0.05950923
-0.05798335
-0.05950923
-0.06103511
-0.05340575
-0.04425051
-0.04272463
-0.04730226
-0.05187989
-0.05645752
-0.05798340
-0.06103516
-0.06561279
-0.06713866
-0.06561278
-0.06561278
-0.06256103
-0.05950928
-0.05798341
-0.05340578
-0.05493166
-0.06256102
-0.06256102
-0.06408690
-0.07324214
-0.08087158
-0.08239746
-0.08392333
-0.08697508
-0.08697508
-0.08544920
-0.08087159
-0.07781984
-0.07476809
-0.06713873
-0.06256105
-0.06866453
-0.07019041
-0.07019041
-0.07781977
-0.08392333
-0.08239746
-0.08392333
-0.08697508
-0.08697508
-0.08544920
-0.08087159
-0.07934571
-0.07781983
-0.07171635
-0.06713867
-0.06866454
-0.06713867
-0.06408692
-0.06256104
-0.06256104
-0.05950929
-0.05340578
-0.04882815
-0.04882815
-0.04882815
-0.04272464
-0.04119876
-0.04425051
-0.04730227
-0.05035402
-0.05340577
-0.06256109
-0.06866460
-0.06866460
-0.07019047
-0.07629398
-0.07781986
-0.07476811
-0.07629398
-0.07476811
-0.07324224
-0.06561280
-0.06103517
-0.05950929
-0.05340578
-0.04882815
-0.04882815
-0.04882815
-0.04272464
-0.04119876
-0.04425051
-0.04730227
-0.05035402
-0.05340577
-0.06256109
-0.06866460
-0.06866460
-0.07019047
-0.07629398
-0.07934573
-0.07934573
-0.08697511
-0.09307862
-0.09918213
-0.09765620
-0.09307857
-0.09155269
-0.09155269
-0.09155269
-0.08697506
-0.08239743
-0.07171629
-0.05950927
-0.04882813
-0.04730225
-0.05187988
-0.05493163
-0.05493163
-0.05798344
-0.06713868
-0.07629394
-0.08087157
-0.08697508
-0.09155271
-0.09307859
-0.09765622
-0.10375973
-0.10986324
-0.10833731
-0.10070795
-0.09155269
-0.09155269
-0.09155269
-0.08697506
-0.08239743
-0.07171629
-0.05950927
-0.04882813
-0.04730225
-0.05187988
-0.05493163
-0.05493163
-0.05798344
-0.06713868
-0.07629394
-0.08392338
-0.09307870
-0.09765633
-0.10223394
-0.10223394
-0.09765631
-0.09307868
-0.08544924
-0.08087163
-0.07629400
-0.07171632
-0.06713864
-0.06866452
-0.06866452
-0.07476805
-0.08239749
-0.09002693
-0.09460456
-0.09918217
-0.09918217
-0.09613041
-0.09307865
-0.08697514
-0.08239753
-0.07629400
-0.07171632
-0.06713864
-0.06866452
-0.06866452
-0.07476805
-0.08392329
-0.09307853
-0.09918204
-0.09918204
-0.09765616
-0.09613028
-0.09613028
-0.09613028
-0.09155267
-0.08392326
-0.08239746
-0.07934573
-0.07934573
-0.07934573
-0.08392334
-0.08697509
-0.08850096
-0.08850096
-0.08697509
-0.08239746
-0.07629390
-0.07476802
-0.07781975
-0.08239736
-0.07934563
-0.07934563
-0.07934563
-0.07476800
-0.07476800
-0.08087151
-0.08392326
-0.08392326
-0.08239746
-0.07934573
-0.07934573
-0.07934573
-0.08392334
-0.08697509
-0.08850096
-0.08850096
-0.08697509
-0.08239746
-0.07629390
-0.07476802
-0.07934565
-0.08392326
-0.07934565
-0.08087153
-0.08239741
-0.07629390
-0.07019038
-0.06713862
-0.06866450
-0.06713863
-0.05950925
-0.05340577
-0.04882814
-0.04577639
-0.04577639
-0.05493163
-0.06408690
-0.07324217
-0.07781985
-0.08392333
-0.08697508
-0.09002683
-0.09918207
-0.09765619
-0.10223382
-0.10223382
-0.10070794
-0.10070794
-0.09918201
-0.09002677
-0.08087150
-0.07171623
-0.06561275
-0.06713863
-0.05950925
-0.05340577
-0.04882814
-0.04577639
-0.04577639
-0.05493163
-0.06408690
-0.07324217
-0.07781985
-0.08392333
-0.08697508
-0.09002683
-0.09918207
-0.09765619
-0.09155268
-0.08697507
-0.08544919
-0.08544919
-0.08392326
-0.07476802
-0.07171627
-0.07171627
-0.06866454
-0.07019042
-0.07324218
-0.07629399
-0.07934580
-0.07629405
-0.07019054
-0.07476817
-0.07629404
-0.07629404
-0.07629404
-0.07324228
-0.07324228
-0.07171635
-0.07019042
-0.07019042
-0.07324218
-0.07629399
-0.07934580
-0.07629405
-0.07019054
-0.07019054
-0.06713878
-0.05950939
-0.05188000
-0.04882824
-0.04730236
-0.03967292
-0.03204348
-0.02899172
-0.02899172
-0.02899172
-0.02899172
-0.03204348
-0.03509524
-0.03662112
-0.03814700
-0.04272463
-0.04882814
-0.05645758
-0.06561282
-0.07171633
-0.07629396
-0.07934571
-0.07781983
-0.07629395
-0.07324219
-0.06713868
-0.05950929
-0.05187985
-0.04425049
-0.03814698
-0.03356935
-0.02899172
-0.02899172
-0.02899172
-0.02899172
-0.03204348
-0.03509524
-0.03662112
-0.03814700
-0.04272463
-0.04882814
-0.05645758
-0.06561282
-0.07171633
-0.07629396
-0.07934571
-0.08392334
-0.09002690
-0.09460458
-0.09613046
-0.09765639
-0.09765639
-0.09460466
-0.09155291
-0.09002704
-0.08392353
-0.07476826
-0.06408706
-0.05645762
-0.05187999
-0.04730231
-0.04577638
-0.04730231
-0.05187999
-0.05493174
-0.06408706
-0.07476826
-0.08392353
-0.08697529
-0.08850117
-0.08392353
-0.07476826
-0.06408706
-0.05645762
-0.05187999
-0.04730231
-0.04272463
-0.03814700
-0.03967287
-0.03967287
-0.04577638
-0.05340577
-0.06256104
-0.06866455
-0.07324218
-0.07324218
-0.07324218
-0.07324218
-0.07019043
-0.06866455
-0.06866455
-0.06866455
-0.06561280
-0.06408692
-0.06561285
-0.06713872
-0.06866459
-0.07171634
-0.07781990
-0.07934578
-0.07629403
-0.07629403
-0.07629403
-0.07629403
-0.07324222
-0.07476810
-0.07629398
-0.07781986
-0.07324218
-0.07324218
-0.07324218
-0.07019043
-0.06866455
-0.06866455
-0.06866455
-0.06561280
-0.06408692
-0.06561285
-0.06713872
-0.06866459
-0.07171634
-0.07781990
-0.08544926
-0.08544926
-0.08544926
-0.08697513
-0.08392338
-0.07781982
-0.07629395
-0.07324220
-0.07171633
-0.07171633
-0.06866460
-0.06713873
-0.06561286
-0.06561286
-0.07019049
-0.07324224
-0.07171636
-0.07324224
-0.07324224
-0.06561280
-0.05950929
-0.05493165
-0.04577637
-0.03356934
-0.03662107
-0.03662107
-0.03967282
-0.04119869
-0.03967281
-0.04119869
-0.04425045
-0.04730221
-0.05645749
-0.07171633
-0.06866460
-0.06713873
-0.06561286
-0.06561286
-0.07019049
-0.07324224
-0.07171636
-0.07324224
-0.07324224
-0.06561280
-0.05950929
-0.05493165
-0.04577637
-0.03356934
-0.02441407
-0.01831056
-0.01373292
-0.00915528
-0.01220703
-0.01678466
-0.01831054
-0.02136230
-0.02899170
-0.03662110
-0.04272462
-0.04730226
-0.05645753
-0.06713865
-0.06713865
-0.05950926
-0.05645750
-0.05187986
-0.04882810
-0.05493161
-0.05645748
-0.05493160
-0.05035397
-0.04272461
-0.03662110
-0.04272462
-0.04730226
-0.05645753
-0.06713865
-0.06713865
-0.06866453
-0.07171628
-0.07629391
-0.08239747
-0.09002691
-0.09460459
-0.09460459
-0.09002696
-0.08544935
-0.08392347
-0.07934584
-0.07781997
-0.07324234
-0.06561290
-0.05798346
-0.05187990
-0.05187990
-0.05493165
-0.05340578
-0.05340578
-0.06103514
-0.06561282
-0.07019045
-0.07324221
-0.07934572
-0.08239747
-0.08544922
-0.08850103
-0.09307871
-0.09613052
-0.09002704
-0.08392348
-0.08239760
-0.08392347
-0.07934584
-0.07781997
-0.07324234
-0.06561290
-0.05798346
-0.05187990
-0.05187990
-0.05493165
-0.05340578
-0.05340578
-0.06103514
-0.06561282
-0.07019045
-0.07324221
-0.07629397
-0.08239753
-0.08544928
-0.08544928
-0.08544928
-0.08239753
-0.07171641
-0.07019048
-0.07019048
-0.07019048
-0.06866460
-0.06103516
-0.05340577
-0.04272462
-0.03662110
-0.03814698
-0.04730230
-0.04730230
-0.04577642
-0.04577642
-0.04577642
-0.04425054
-0.05187993
-0.06408696
-0.07019048
-0.06866460
-0.06103516
-0.05340577
-0.04272462
-0.03662110
-0.03662110
-0.03814698
-0.03051759
-0.02441408
-0.02136232
-0.02136232
-0.02288820
-0.02593996
-0.03509524
-0.03967288
-0.04272463
-0.04730226
-0.05645758
-0.06256109
-0.06713872
-0.06866460
-0.06866460
-0.06866460
-0.06408696
-0.06103520
-0.05340581
-0.04882818
-0.04272462
-0.03814699
-0.03356936
-0.02899172
-0.02746584
-0.02593996
-0.02899172
-0.03204348
-0.03662112
-0.03967288
-0.03967288
-0.04272463
-0.04730226
-0.05645758
-0.06256109
-0.06713872
-0.06866460
-0.06866460
-0.06866460
-0.06408696
-0.06103520
-0.05340581
-0.04882818
-0.04272462
-0.03814699
-0.03662112
-0.03967287
-0.04119875
-0.04272463
-0.04730227
-0.05187991
-0.05798343
-0.06256106
-0.06866462
-0.07324225
-0.07476812
-0.07476812
-0.07781987
-0.07629399
-0.07476811
-0.07324223
-0.07324223
-0.07019048
-0.06408692
-0.06103517
-0.05798342
-0.05187991
-0.04730228
-0.04882816
-0.05340579
-0.05493167
-0.05493167
-0.05645755
-0.05798343
-0.05798343
-0.06103518
-0.06866462
-0.07324225
-0.07476812
-0.07476812
-0.07781987
-0.07629399
-0.07476811
-0.07324223
-0.07324223
-0.07019048
-0.06408692
-0.06103517
-0.05798342
-0.05187991
-0.04730228
-0.04882816
-0.05798342
-0.06866458
-0.07629396
-0.08544922
-0.09155278
-0.09613046
-0.10375982
-0.10833745
-0.10986333
-0.10986333
-0.10375982
-0.09918222
-0.09460459
-0.08544933
-0.08087165
-0.08392335
-0.08697515
-0.09307866
-0.10070804
-0.10528572
-0.10833753
-0.10986333
-0.10833745
-0.10986333
-0.10986333
-0.10375982
-0.09918222
-0.09460459
-0.09002696
-0.08697515
-0.08239747
-0.07781986
-0.07324223
-0.07171635
-0.07171635
-0.07171635
-0.06713867
-0.06408692
-0.06103517
-0.06103517
-0.06408692
-0.06561280
-0.07171631
-0.07476806
-0.07476806
-0.07476806
-0.07476806
-0.07171630
-0.07171630
-0.07019043
-0.06866455
-0.06561280
-0.06561280
-0.06561280
-0.06561280
-0.06561280
-0.06256104
-0.06408692
-0.06408692
-0.06561279
-0.06408692
-0.06408692
-0.06103517
-0.06103517
-0.06408692
-0.06561280
-0.07171631
-0.07476806
-0.07476806
-0.07476806
-0.07476806
-0.07171630
-0.07171630
-0.07019043
-0.06866455
-0.06561280
-0.06561280
-0.06713868
-0.07019043
-0.07171631
-0.07171631
-0.07324219
-0.07324219
-0.07781987
-0.08697518
-0.09613046
-0.09918219
-0.09613044
-0.09155281
-0.08697518
-0.08850105
-0.09307868
-0.09613043
-0.09460450
-0.08697507
-0.07781979
-0.07019043
-0.07019043
-0.07629399
-0.08850105
-0.09613046
-0.09918219
-0.09613044
-0.09155281
-0.08697518
-0.08850105
-0.09155280
-0.08850104
-0.07934572
-0.06561278
-0.05340574
-0.04730226
-0.04730226
-0.04882814
-0.05340577
-0.05340577
-0.05035402
-0.05187990
-0.06103522
-0.06866466
-0.07476817
-0.07934585
-0.08392353
-0.08392353
-0.08087178
-0.07782003
-0.07476827
-0.06866475
-0.05950943
-0.05645762
-0.05035411
-0.04119879
-0.03356935
-0.03051759
-0.03051759
-0.03204347
-0.03662111
-0.04730226
-0.05340577
-0.05035402
-0.05187990
-0.06103522
-0.06866466
-0.07476817
-0.07934585
-0.08392353
-0.08392353
-0.08087178
-0.07782003
-0.07476827
-0.06866475
-0.05950943
-0.05187999
-0.04730236
-0.04119880
-0.03509524
-0.03662111
-0.03967286
-0.04577642
-0.05493174
-0.06256114
-0.07019053
-0.07781997
-0.07934585
-0.08239760
-0.08850116
-0.09002704
-0.09307877
-0.09155284
-0.08392340
-0.08239752
-0.07781989
-0.07171633
-0.07324220
-0.07476808
-0.07476808
-0.07629401
-0.07019053
-0.07019053
-0.07781997
-0.07934585
-0.08239760
-0.08850116
-0.09002704
-0.09307877
-0.09155284
-0.08850103
-0.09460451
-0.09307863
-0.09002682
-0.09307857
-0.09002682
-0.08239738
-0.07476799
-0.06408687
-0.05798336
-0.05493161
-0.04577637
-0.04425050
-0.04425050
-0.04425050
-0.04882813
-0.05645757
-0.06866459
-0.07934571
-0.08850095
-0.09918211
-0.10833735
-0.10833735
-0.10833735
-0.11138908
-0.10986320
-0.10681139
-0.10223376
-0.09460440
-0.08544916
-0.07171624
-0.06103512
-0.05798336
-0.05493161
-0.04577637
-0.04425050
-0.04425050
-0.04425050
-0.04882813
-0.05645757
-0.06866459
-0.07934571
-0.08850095
-0.09918211
-0.10833735
-0.10833735
-0.10833735
-0.10833735
-0.10681147
-0.10375966
-0.09765615
-0.09002679
-0.08087155
-0.07324214
-0.07019041
-0.06866453
-0.06866453
-0.07019046
-0.07476807
-0.07629395
-0.07629395
-0.07934570
-0.08544921
-0.08544921
-0.08392333
-0.08697508
-0.08392333
-0.07629389
-0.07171628
-0.07171628
-0.06866453
-0.06866453
-0.07019046
-0.07476807
-0.07629395
-0.07629395
-0.07934570
-0.08087158
-0.08239746
-0.08392339
-0.08544927
-0.08392340
-0.07934572
-0.07171636
-0.06713873
-0.06256110
-0.05645759
-0.05798347
-0.05187996
-0.04425052
-0.04577639
-0.04425051
-0.04272463
-0.04577638
-0.04882813
-0.05340576
-0.05645752
-0.05798339
-0.05950927
-0.06408690
-0.06103515
-0.06561278
-0.07171634
-0.07019047
-0.06866460
-0.06713873
-0.06713873
-0.06408698
-0.06256110
-0.05645759
-0.05798347
-0.05187996
-0.04425052
-0.04577639
-0.04425051
-0.04272463
-0.04577638
-0.04882813
-0.05340576
-0.05645752
-0.05798339
-0.05950927
-0.05798339
-0.05798339
-0.06408695
-0.06713870
-0.06713870
-0.06713870
-0.06866458
-0.07629394
-0.08239745
-0.09002681
-0.09918213
-0.10375974
-0.10681144
-0.11444085
-0.12054436
-0.12664787
-0.12969960
-0.12969960
-0.12512197
-0.11901849
-0.11749256
-0.11291495
-0.10223381
-0.09307853
-0.08087151
-0.07476800
-0.07324220
-0.06866459
-0.06713871
-0.06866458
-0.06866458
-0.07324219
-0.08392333
-0.09002681
-0.09918213
-0.10375974
-0.10681144
-0.11444085
-0.12054436
-0.12664787
-0.12969960
-0.12969960
-0.12512197
-0.11901849
-0.11749256
-0.11291495
-0.10223381
-0.09307853
-0.08392327
-0.07629389
-0.07324216
-0.07019043
-0.07171636
-0.07934574
-0.08087167
-0.07934580
-0.08239756
-0.08087168
-0.08239756
-0.08392343
-0.08392343
-0.08544936
-0.09002696
-0.08087170
-0.07629402
-0.07934577
-0.08239752
-0.08850108
-0.09613046
-0.09918227
-0.09613052
-0.09155284
-0.08087168
-0.08239756
-0.08392343
-0.08392343
-0.08544936
-0.09002696
-0.08850106
-0.08544925
-0.08544925
-0.08392337
-0.08544925
-0.09002693
-0.09307874
-0.09765637
-0.09918217
-0.09155276
-0.09002696
-0.09613047
-0.10070815
-0.10528578
-0.10681165
-0.10070809
-0.09460453
-0.08544927
-0.07934579
-0.07934579
-0.07629398
-0.07019047
-0.07019047
-0.07324220
-0.07324220
-0.07476808
-0.07476808
-0.07629396
-0.08087164
-0.08392345
-0.09002696
-0.09460457
-0.09155276
-0.09002696
-0.09613047
-0.10070815
-0.10528578
-0.10681165
-0.10070809
-0.09460453
-0.08544927
-0.07934579
-0.07934579
-0.07629398
-0.07019047
-0.07019047
-0.07019047
-0.06866460
-0.06866460
-0.06713872
-0.06866460
-0.07019047
-0.06866460
-0.07019048
-0.07171636
-0.06561280
-0.06256105
-0.06408692
-0.07171628
-0.08087152
-0.08392327
-0.08087152
-0.07934564
-0.07476801
-0.07324213
-0.07629388
-0.08087156
-0.08544917
-0.08544917
-0.08239744
-0.07934569
-0.07934569
-0.07781981
-0.07934569
-0.07934569
-0.07781982
-0.07629389
-0.07324216
-0.06561280
-0.06256105
-0.06408692
-0.07171628
-0.08087152
-0.08392327
-0.08087152
-0.07934564
-0.07476801
-0.07324213
-0.07629388
-0.08087156
-0.08544917
-0.08544917
-0.07781981
-0.07171630
-0.07171630
-0.07171630
-0.07171630
-0.06713867
-0.06256104
-0.05645748
-0.05187987
-0.05035407
-0.05340582
-0.05798345
-0.06256108
-0.06408696
-0.06408696
-0.06561284
-0.06561284
-0.06561284
-0.06256109
-0.05645753
-0.05187990
-0.04730227
-0.04272464
-0.04425051
-0.05035407
-0.05340582
-0.05798345
-0.06256108
-0.06408696
-0.06408696
-0.06866459
-0.07476810
-0.07781985
-0.07476810
-0.06713866
-0.06256103
-0.05798340
-0.05340577
-0.05340577
-0.05340577
-0.04882814
-0.04577639
-0.03967288
-0.03967288
-0.04425051
-0.05035402
-0.05645753
-0.05798341
-0.05798341
-0.05950929
-0.06103517
-0.05950929
-0.05950929
-0.05798341
-0.05798341
-0.05798341
-0.05645753
-0.05493165
-0.05187989
-0.04882813
-0.04730225
-0.04730225
-0.05187989
-0.05340577
-0.04882814
-0.04577639
-0.03967288
-0.03967288
-0.04425051
-0.05035402
-0.05645753
-0.05798341
-0.05798341
-0.05950929
-0.06103517
-0.05950929
-0.05950929
-0.05798341
-0.05187990
-0.04272463
-0.03662112
-0.03051760
-0.02288820
-0.01831056
-0.01220704
-0.00152588
0.00000000
-0.00305176
-0.00762940
-0.01220704
-0.01678467
-0.02441406
-0.03204346
-0.03204346
-0.03356934
-0.04272462
-0.04272462
-0.03509522
-0.03051758
-0.02441406
-0.01068115
-0.00305176
-0.00305176
-0.00762940
-0.01220704
-0.01678467
-0.02441406
-0.03204346
-0.03204346
-0.03662110
-0.04882814
-0.05187990
-0.05035402
-0.05493170
-0.06561286
-0.07324227
-0.08087168
-0.08850106
-0.10070808
-0.10833752
-0.10833752
-0.11444103
-0.12054459
-0.12207039
-0.11901859
-0.10986331
-0.10070803
-0.09460452
-0.08697514
-0.08239746
-0.08239746
-0.07476807
-0.06713863
-0.06103515
-0.05187991
-0.05035403
-0.05493171
-0.06256112
-0.07171640
-0.08087168
-0.08850106
-0.10070808
-0.10833752
-0.10833752
-0.11444103
-0.12054459
-0.12207039
-0.11901859
-0.10986331
-0.10070803
-0.09460452
-0.08697514
-0.08239746
-0.08239746
-0.07781983
-0.07171627
-0.06408691
-0.05493167
-0.05340579
-0.05187991
-0.04882816
-0.05187991
-0.05950929
-0.05950929
-0.05950929
-0.06256104
-0.06713867
-0.07476811
-0.08087167
-0.08087167
-0.07934579
-0.08087172
-0.07934582
-0.08087169
-0.08239757
-0.07629406
-0.07019055
-0.06408699
-0.05798343
-0.05798343
-0.05798343
-0.05187987
-0.04425051
-0.04119876
-0.04425051
-0.05645753
-0.05950929
-0.05950929
-0.06256104
-0.06713867
-0.07476811
-0.08087167
-0.08087167
-0.07934579
-0.08087172
-0.07934582
-0.08087169
-0.08239757
-0.07629406
-0.07019055
-0.06256111
-0.05645755
-0.06103518
-0.06408694
-0.05645750
-0.04730226
-0.04272463
-0.04119875
-0.04425051
-0.04730227
-0.05035403
-0.05493166
-0.05645759
-0.05798346
-0.06256109
-0.06256109
-0.06408697
-0.06866460
-0.07019048
-0.06713872
-0.06408696
-0.05798345
-0.05187989
-0.04882814
-0.04730227
-0.05035403
-0.05493166
-0.05645759
-0.05798346
-0.06256109
-0.06713872
-0.07171635
-0.07476810
-0.07934573
-0.07934573
-0.07781985
-0.07019046
-0.06103514
-0.05798339
-0.05950927
-0.06103515
-0.05798340
-0.05340577
-0.04577638
-0.04577638
-0.05035401
-0.05950933
-0.07171635
-0.08239751
-0.08544924
-0.08392336
-0.08697511
-0.08544923
-0.08850099
-0.09002686
-0.08850098
-0.08544917
-0.08087154
-0.07171626
-0.06408690
-0.05798339
-0.05187988
-0.05493164
-0.05950927
-0.06103515
-0.05798340
-0.05340577
-0.04577638
-0.04577638
-0.05035401
-0.05950933
-0.07171635
-0.08239751
-0.08544924
-0.08392336
-0.08697511
-0.08544923
-0.08850099
-0.08697511
-0.08087160
-0.07934567
-0.07324216
-0.06408688
-0.06103515
-0.06561276
-0.06713864
-0.07171628
-0.07476803
-0.07781978
-0.08697502
-0.09002675
-0.09002675
-0.09002675
-0.08697500
-0.07934564
-0.07324213
-0.07629388
-0.07629388
-0.07476801
-0.07171628
-0.07171628
-0.07324216
-0.07324216
-0.07476803
-0.07781978
-0.08697502
-0.09002675
-0.09002675
-0.09002675
-0.08697500
-0.08087152
-0.07629389
-0.07171625
-0.06713862
-0.06561275
-0.05645751
-0.05035403
-0.05187991
-0.05645759
-0.06256107
-0.06561282
-0.07324218
-0.08239750
-0.08850101
-0.09307869
-0.09765632
-0.09765632
-0.09765632
-0.09918212
-0.09613039
-0.09307864
-0.08697516
-0.08392335
-0.07934572
-0.07476804
-0.07171629
-0.06713865
-0.06103514
-0.05493166
-0.04882815
-0.04882815
-0.05187990
-0.05493171
-0.06256107
-0.06561282
-0.07324218
-0.08239750
-0.08850101
-0.09307869
-0.09765632
-0.09765632
-0.09765632
-0.09918212
-0.09613039
-0.09307864
-0.08697516
-0.08392335
-0.07934572
-0.07171628
-0.06713865
-0.06561277
-0.05950926
-0.04882814
-0.03814699
-0.03356935
-0.02899171
-0.02593996
-0.02288820
-0.02136232
-0.02288820
-0.02593995
-0.02899171
-0.03356935
-0.03814699
-0.03967287
-0.04272463
-0.04119875
-0.04119875
-0.03814699
-0.03509523
-0.02899172
-0.02746584
-0.02288820
-0.02136232
-0.02288820
-0.02593995
-0.02899171
-0.03356935
-0.04425050
-0.05035401
-0.05493165
-0.05493165
-0.05340577
-0.05187989
-0.04882813
-0.04119874
-0.03509522
-0.02899170
-0.02136231
-0.01373292
-0.00915528
-0.01068116
-0.01983643
-0.03356933
-0.04272465
-0.05493165
-0.06713865
-0.07781985
-0.08544924
-0.09155276
-0.09155276
-0.09460451
-0.09307863
-0.08544925
-0.07934569
-0.06713869
-0.05493169
-0.04577637
-0.03662110
-0.03051758
-0.02899170
-0.02136231
-0.01373292
-0.00915528
-0.01068116
-0.01983643
-0.03356933
-0.04272465
-0.05493165
-0.06713865
-0.07781985
-0.08544924
-0.09155276
-0.09155276
-0.08697512
-0.07781985
-0.07019047
-0.06713866
-0.06561286
-0.06256113
-0.06103520
-0.06103520
-0.06408695
-0.07019046
-0.07629397
-0.08544924
-0.09002692
-0.09155280
-0.08850099
-0.08850099
-0.09155272
-0.09155272
-0.08544921
-0.07781982
-0.07324219
-0.07324219
-0.07781979
-0.07019040
-0.06256101
-0.05950926
-0.05493165
-0.05645758
-0.06256109
-0.07171636
-0.07781987
-0.07781987
-0.07019046
-0.07629397
-0.08544924
-0.09002692
-0.09155280
-0.08850099
-0.08850099
-0.09155272
-0.09155272
-0.08544921
-0.07781982
-0.07324219
-0.07324219
-0.07781979
-0.08392332
-0.09002683
-0.08697508
-0.08392335
-0.08239747
-0.08544923
-0.08850099
-0.09155275
-0.09002687
-0.08239746
-0.07476805
-0.06561279
-0.06408691
-0.05950928
-0.05493165
-0.06408693
-0.07476807
-0.07476807
-0.07629395
-0.07629395
-0.07476808
-0.07324220
-0.07476808
-0.07781983
-0.08239746
-0.07476805
-0.06561279
-0.06408691
-0.05950928
-0.05493165
-0.05340577
-0.05798340
-0.05798340
-0.05798340
-0.05950928
-0.06103516
-0.06408691
-0.06713866
-0.06866454
-0.06866454
-0.06561278
-0.05950927
-0.05950927
-0.06256108
-0.06408701
-0.06256113
-0.05950938
-0.05950938
-0.06408706
-0.07019057
-0.07476821
-0.07934585
-0.07324233
-0.06408701
-0.05645757
-0.05340582
-0.05645757
-0.05493170
-0.05187989
-0.05187989
-0.05493164
-0.05645751
-0.06408690
-0.06866454
-0.06866454
-0.06561278
-0.05950927
-0.05950927
-0.06256108
-0.06408701
-0.06256113
-0.05950938
-0.05950938
-0.06408706
-0.07019057
-0.07476821
-0.07934585
-0.07324233
-0.06408701
-0.05645757
-0.05035406
-0.05187994
-0.05035407
-0.04882814
-0.04882814
-0.04882814
-0.05187989
-0.06256109
-0.06866460
-0.07476811
-0.07934575
-0.07934575
-0.08392343
-0.08697516
-0.08544928
-0.08087164
-0.07781989
-0.07324221
-0.07476809
-0.07476809
-0.07476809
-0.07781984
-0.07781984
-0.07324223
-0.07476811
-0.07934575
-0.07934575
-0.08392343
-0.08697516
-0.08544928
-0.08697515
-0.08544927
-0.07934571
-0.07476808
-0.07324220
-0.07629395
-0.07781982
-0.07019038
-0.06256102
-0.06103515
-0.06103515
-0.05950928
-0.05950928
-0.06408691
-0.06561279
-0.06408691
-0.06713872
-0.07171635
-0.07476810
-0.07934578
-0.08087166
-0.07934578
-0.08392341
-0.08850102
-0.08697514
-0.08697514
-0.08087158
-0.07629395
-0.07629395
-0.07476802
-0.07324214
-0.07171626
-0.06713863
-0.06103515
-0.06103515
-0.05950928
-0.05950928
-0.06408691
-0.06561279
-0.06408691
-0.06713872
-0.07171635
-0.07476810
-0.07934578
-0.08087166
-0.07934578
-0.08392341
-0.08850102
-0.08850102
-0.08697515
-0.08392334
-0.08544922
-0.08392335
-0.07934567
-0.07781979
-0.08239742
-0.08239742
-0.07934569
-0.07476806
-0.07019042
-0.06408691
-0.05798340
-0.05645752
-0.05950927
-0.05798340
-0.05645752
-0.05645752
-0.05340577
-0.05493165
-0.06103516
-0.06866455
-0.07476806
-0.07934569
-0.07476806
-0.07019042
-0.06408691
-0.05798340
-0.05645752
-0.05493164
-0.05645752
-0.05798345
-0.05798345
-0.05798345
-0.06408701
-0.06561289
-0.07171640
-0.07934584
-0.08087172
-0.08392347
-0.08392347
-0.08392347
-0.08697520
-0.09002693
-0.09155273
-0.10070797
-0.10223385
-0.10070792
-0.10223379
-0.10375967
-0.10528560
-0.10375967
-0.09613031
-0.09307858
-0.09155278
-0.08850105
-0.08850105
-0.09002698
-0.08544935
-0.08392347
-0.08392347
-0.08087172
-0.08392347
-0.08392347
-0.08392347
-0.08697520
-0.09002693
-0.09155273
-0.10070797
-0.10223385
-0.10070792
-0.10223379
-0.10375967
-0.10528560
-0.10375967
-0.09918206
-0.08850094
-0.07934570
-0.07476809
-0.07324221
-0.07019046
-0.06408695
-0.05493168
-0.04425048
-0.03967285
-0.03814698
-0.04119874
-0.04119874
-0.04272462
-0.04425050
-0.04730225
-0.05493164
-0.06561284
-0.07781984
-0.08239747
-0.08392334
-0.08392334
-0.08544922
-0.08392334
-0.07629395
-0.07019044
-0.06866456
-0.06561275
-0.05950927
-0.05187988
-0.04425049
-0.03967285
-0.03967285
-0.03814698
-0.04119874
-0.04119874
-0.04272462
-0.04425050
-0.04730225
-0.05493164
-0.06561284
-0.07781984
-0.08239747
-0.08392334
-0.08392334
-0.08544922
-0.08544922
-0.08697515
-0.08850108
-0.09002701
-0.09307871
-0.09307871
-0.09307871
-0.09307871
-0.09765634
-0.09765634
-0.09460459
-0.08850103
-0.08392335
-0.07934567
-0.07171629
-0.06866456
-0.07019049
-0.07324230
-0.07476823
-0.08392349
-0.09002697
-0.09460460
-0.09613047
-0.09918222
-0.09765634
-0.09460459
-0.08850103
-0.08392335
-0.07934567
-0.07171629
-0.06561281
-0.06561281
-0.06713869
-0.06713869
-0.07324225
-0.07781993
-0.08392349
-0.08697524
-0.09002699
-0.09307874
-0.09155286
-0.08697523
-0.08239760
-0.07934585
-0.07324229
-0.06713873
-0.06103517
-0.05798342
-0.05645754
-0.05645754
-0.06103517
-0.06561280
-0.06866455
-0.06866455
-0.07324218
-0.07781981
-0.08239744
-0.08697512
-0.09002693
-0.09155286
-0.09155286
-0.09155286
-0.09307874
-0.09155286
-0.08697523
-0.08239760
-0.07934585
-0.07324229
-0.06713873
-0.06103517
-0.05798342
-0.05645754
-0.05645754
-0.06103517
-0.06561280
-0.06866455
-0.07171630
-0.07476805
-0.07629393
-0.07934568
-0.08087155
-0.07781980
-0.07324217
-0.06866454
-0.06408691
-0.06256104
-0.06256104
-0.06256104
-0.06103516
-0.05798341
-0.05493166
-0.05950929
-0.06256104
-0.06408692
-0.06713867
-0.06866454
-0.06408691
-0.06103516
-0.06103516
-0.06103516
-0.06256104
-0.06256104
-0.06256104
-0.06103516
-0.05798341
-0.05493166
-0.05493166
-0.05493166
-0.05493166
-0.05798341
-0.06103516
-0.06256109
-0.06256109
-0.06713872
-0.07171635
-0.07476810
-0.07781985
-0.08697511
-0.09307867
-0.09613048
-0.09765641
-0.09765641
-0.09765641
-0.09613053
-0.09613053
-0.09460466
-0.09613054
-0.09613054
-0.09918224
-0.09307868
-0.08697512
-0.08087156
-0.08087156
-0.08239744
-0.08392337
-0.08544924
-0.08544924
-0.08087161
-0.07476810
-0.07781985
-0.08697511
-0.09307867
-0.09613048
-0.09765641
-0.09765641
-0.09765641
-0.09613053
-0.09613053
-0.09460466
-0.09613054
-0.09613054
-0.09918224
-0.10375984
-0.10681154
-0.10528561
-0.10375974
-0.09918211
-0.09307860
-0.09307860
-0.08850097
-0.08087159
-0.07019045
-0.05645753
-0.04730227
-0.04425052
-0.04425052
-0.04882815
-0.05340578
-0.05645753
-0.06103516
-0.06256103
-0.07019047
-0.07934579
-0.08392342
-0.08850110
-0.09002697
-0.09765638
-0.10375989
-0.10375989
-0.10070814
-0.09613051
-0.08850107
-0.08392339
-0.07934576
-0.07476808
-0.07019045
-0.05645753
-0.04730227
-0.04425052
-0.04425052
-0.04882815
-0.05340578
-0.05645753
-0.06103516
-0.06256103
-0.07019047
-0.07934579
-0.08392342
-0.08850110
-0.09002697
-0.09460458
-0.09765639
-0.09918232
-0.10070825
-0.09918238
-0.09460470
-0.09002702
-0.08697527
-0.08087171
-0.08087171
-0.07629410
-0.07476817
-0.07629397
-0.07629397
-0.08087165
-0.08697513
-0.09155281
-0.09613049
-0.10223405
-0.10070818
-0.09918231
-0.09613056
-0.09002708
-0.08392352
-0.08087171
-0.07629410
-0.07476817
-0.07629397
-0.07629397
-0.08087165
-0.08544933
-0.09460461
-0.10375989
-0.11444105
-0.12054456
-0.12512217
-0.12512217
-0.11749281
-0.11138925
-0.10986332
-0.10833739
-0.10070798
-0.09155270
-0.08239742
-0.07781979
-0.07324218
-0.07629391
-0.08392327
-0.09002683
-0.09002683
-0.09155276
-0.09155276
-0.08850100
-0.08392336
-0.08544929
-0.09307870
-0.09613050
-0.09918230
-0.10223400
-0.10528573
-0.10375980
-0.10070805
-0.10223393
-0.10986332
-0.10833739
-0.10070798
-0.09155270
-0.08239742
-0.07781979
-0.07324218
-0.07629391
-0.08392327
-0.09002683
-0.09002683
-0.09155276
-0.09155276
-0.08850100
-0.08392336
-0.07629397
-0.07171634
-0.06408698
-0.05798350
-0.05493169
-0.04882818
-0.04272462
-0.04272462
-0.04577638
-0.04882814
-0.05187990
-0.05340578
-0.05340578
-0.05645753
-0.05950934
-0.05798346
-0.05645758
-0.05340583
-0.05340583
-0.05645758
-0.05493170
-0.05493170
-0.05798345
-0.05493170
-0.04882814
-0.05187990
-0.05340578
-0.05340578
-0.05645753
-0.05950934
-0.06713878
-0.07019053
-0.06561290
-0.06561290
-0.06866465
-0.07171640
-0.07629403
-0.08239759
-0.08392352
-0.08239759
-0.07781991
-0.07476816
-0.08087167
-0.08392342
-0.08544930
-0.08697518
-0.08239755
-0.07324223
-0.07019042
-0.07171635
-0.07324222
-0.07476810
-0.07171635
-0.07324228
-0.07171640
-0.06561289
-0.06713877
-0.07324228
-0.07324228
-0.07171635
-0.07476816
-0.07934584
-0.08239759
-0.07781991
-0.07476816
-0.08087167
-0.08392342
-0.08544930
-0.08697518
-0.08239755
-0.07324223
-0.07019042
-0.07171635
-0.07324222
-0.07476810
-0.07171635
-0.06713872
-0.06103521
-0.05340582
-0.05187994
-0.05645758
-0.05645758
-0.05340577
-0.05645758
-0.05950933
-0.06408701
-0.07019057
-0.07629408
-0.08239759
-0.08697522
-0.09002697
-0.09155285
-0.08697522
-0.07934578
-0.07324227
-0.06561283
-0.05798339
-0.05493164
-0.05340577
-0.05035402
-0.04425051
-0.03662112
-0.03662112
-0.03967288
-0.04425051
-0.04882814
-0.05645758
-0.05950933
-0.06408701
-0.07019057
-0.07629408
-0.08239759
-0.08697522
-0.09002697
-0.09155285
-0.08697522
-0.07934578
-0.07324227
-0.06561283
-0.05798339
-0.05493164
-0.05340577
-0.04577638
-0.03662111
-0.03204348
-0.03509524
-0.03967287
-0.03967287
-0.04272463
-0.04730226
-0.04882813
-0.05035400
-0.05798339
-0.06713866
-0.07019041
-0.07476809
-0.07476809
-0.07171633
-0.06561281
-0.06256106
-0.06103519
-0.06103519
-0.05645756
-0.05340581
-0.05340581
-0.05035400
-0.05035400
-0.05798339
-0.06713866
-0.07019041
-0.07476809
-0.07476809
-0.07781985
-0.08087160
-0.08239748
-0.08392336
-0.08392336
-0.08697517
-0.08850110
-0.09155291
-0.08850110
-0.08850110
-0.08850110
-0.08392347
-0.08087172
-0.07781997
-0.07476822
-0.06866466
-0.06408698
-0.05493166
-0.04882815
-0.04272464
-0.04272464
-0.04577639
-0.04730226
-0.04882813
-0.05035401
-0.05493164
-0.05798339
-0.06561278
-0.07171629
-0.08087161
-0.08544929
-0.08850110
-0.08850110
-0.08850110
-0.08850110
-0.08392347
-0.08087172
-0.07781997
-0.07476822
-0.06866466
-0.06408698
-0.05493166
-0.04882815
-0.04272464
-0.04272464
-0.04577639
-0.04730226
-0.04882813
-0.05035401
-0.05187989
-0.05493164
-0.06103515
-0.06713866
-0.07171630
-0.07171630
-0.07019043
-0.06713868
-0.06561281
-0.06256105
-0.05798341
-0.05493166
-0.05645754
-0.05493167
-0.05493167
-0.05493167
-0.05798342
-0.06103517
-0.06256104
-0.06561280
-0.07019044
-0.07019044
-0.06561281
-0.06561281
-0.06256105
-0.05798341
-0.05493166
-0.05645754
-0.05493167
-0.05340579
-0.05035403
-0.04882815
-0.05035403
-0.05035403
-0.05340579
-0.06103518
-0.06561286
-0.07019049
-0.07629397
-0.08239753
-0.08850104
-0.09155279
-0.09155279
-0.09307866
-0.09613041
-0.09155278
-0.08697510
-0.08239747
-0.07781986
-0.07324218
-0.06713867
-0.06408692
-0.06103516
-0.05798341
-0.05493166
-0.05645754
-0.05645754
-0.05645754
-0.05950935
-0.06713873
-0.07629397
-0.08239753
-0.08850104
-0.09155279
-0.09155279
-0.09307866
-0.09613041
-0.09155278
-0.08697510
-0.08239747
-0.07781986
-0.07324218
-0.06713867
-0.06256104
-0.05493164
-0.04730225
-0.03814698
-0.03814698
-0.04119873
-0.04425046
-0.04882807
-0.05493155
-0.06103506
-0.06256094
-0.06713858
-0.07476797
-0.08239736
-0.08544911
-0.08392323
-0.07781975
-0.07171627
-0.06408691
-0.06256103
-0.06866459
-0.07476810
-0.07324223
-0.07171636
-0.06713873
-0.05798346
-0.05187994
-0.04577642
-0.04577642
-0.04730230
-0.04882810
-0.05187983
-0.05798331
-0.06103506
-0.06256094
-0.06713858
-0.07476797
-0.08239736
-0.08544911
-0.08392323
-0.07781975
-0.07171627
-0.06408691
-0.06256103
-0.06866459
-0.07476810
-0.07324223
-0.07171636
-0.07324224
-0.07324224
-0.07324224
-0.07171636
-0.07324224
-0.07324224
-0.07019043
-0.06561280
-0.06561280
-0.06561280
-0.06103517
-0.05645754
-0.05645754
-0.05798342
-0.06103517
-0.06103517
-0.06256105
-0.06561280
-0.06561280
-0.06408692
-0.06561280
-0.07019043
-0.07171630
-0.07019042
-0.06713867
-0.06561280
-0.06103517
-0.05645754
-0.05645754
-0.05798342
-0.06103517
-0.06103517
-0.06103517
-0.06866453
-0.07476801
-0.08087149
-0.08544912
-0.09002675
-0.09307850
-0.09613025
-0.09613025
-0.09460438
-0.09307851
-0.09002678
-0.08697505
-0.08087157
-0.07781982
-0.07934570
-0.07476807
-0.07324219
-0.07476812
-0.07629399
-0.07019047
-0.06256108
-0.05645757
-0.05645757
-0.05798344
-0.06103517
-0.06866453
-0.07324214
-0.07171621
-0.07171621
-0.08087148
-0.08850087
-0.09460438
-0.09460438
-0.09307851
-0.09002678
-0.08697505
-0.08087157
-0.07781982
-0.07934570
-0.07476807
-0.07324219
-0.07476812
-0.07629399
-0.07019047
-0.06256108
-0.05645757
-0.05645757
-0.06256105
-0.06713868
-0.07324224
-0.07934575
-0.08087155
-0.08239743
-0.09155270
-0.09765621
-0.09918209
-0.09613033
-0.08697509
-0.07934571
-0.07629390
-0.07171627
-0.06866454
-0.07171627
-0.07629390
-0.07934571
-0.08850097
-0.09765621
-0.10375972
-0.10681147
-0.10681147
-0.10223384
-0.09613033
-0.08697509
-0.07934571
-0.07629390
-0.07171627
-0.06866454
-0.06408691
-0.05950928
-0.05950928
-0.06256103
-0.06408691
-0.06408691
-0.06103515
-0.05950928
-0.05645753
-0.05493165
-0.06103521
-0.07171637
-0.07781988
-0.08239749
-0.09002685
-0.09307861
-0.09307861
-0.09155273
-0.09460448
-0.09155273
-0.08087153
-0.07019037
-0.05950923
-0.05187987
-0.04425051
-0.04577638
-0.05035401
-0.05035401
-0.04425050
-0.04272462
-0.04882814
-0.05035402
-0.05493165
-0.06103521
-0.07171637
-0.07781988
-0.08239749
-0.09002685
-0.09307861
-0.09307861
-0.09155273
-0.09460448
-0.09155273
-0.08087153
-0.07019037
-0.05950923
-0.04577635
-0.03356935
-0.03051759
-0.03356935
-0.03051759
-0.02136232
-0.02136232
-0.03051759
-0.03509522
-0.03662110
-0.04119874
-0.04577638
-0.05035401
-0.04882813
-0.05187989
-0.05035401
-0.04577637
-0.03967286
-0.03662111
-0.03356935
-0.03051759
-0.03051759
-0.03204347
-0.03662110
-0.03662110
-0.04119874
-0.04577638
-0.05035401
-0.04882813
-0.05187989
-0.05798341
-0.06103516
-0.05798341
-0.05493166
-0.06103522
-0.07019046
-0.07476809
-0.07781990
-0.08087165
-0.08239753
-0.08239753
-0.08087166
-0.08392341
-0.08544928
-0.08392335
-0.07781987
-0.07324224
-0.06713868
-0.06561281
-0.06408693
-0.06256105
-0.06561280
-0.06561280
-0.06408693
-0.06256105
-0.06256105
-0.06408693
-0.07019049
-0.07629397
-0.08087160
-0.08697516
-0.08544928
-0.08239753
-0.08239753
-0.08087166
-0.08392341
-0.08544928
-0.08392335
-0.07781987
-0.07324224
-0.06713868
-0.06561281
-0.06408693
-0.06256105
-0.06561280
-0.06561280
-0.06561280
-0.06408692
-0.06713867
-0.07019042
-0.07019042
-0.07019042
-0.06866454
-0.06866454
-0.06408691
-0.05645752
-0.05187989
-0.05035402
-0.04730227
-0.04577640
-0.04577640
-0.04119876
-0.03967288
-0.03967288
-0.04119876
-0.04425052
-0.04577640
-0.04730227
-0.05035402
-0.05340577
-0.05645752
-0.06256103
-0.07019042
-0.07324217
-0.07171629
-0.07324217
-0.07171629
-0.06866454
-0.06408691
-0.05645752
-0.05187989
-0.05035402
-0.04730227
-0.04577640
-0.04577640
-0.04119876
-0.03967288
-0.03967288
-0.04119876
-0.04425052
-0.04577640
-0.04730227
-0.05035402
-0.05340577
-0.05645752
-0.06408691
-0.06713867
-0.07019042
-0.07324217
-0.07476805
-0.07934568
-0.08087156
-0.08087156
-0.07781981
-0.07476806
-0.06866455
-0.06561279
-0.06103516
-0.05493165
-0.05645752
-0.05645752
-0.05187989
-0.05035401
-0.05340576
-0.05493164
-0.06103515
-0.06866454
-0.07476805
-0.07781981
-0.07476806
-0.06866455
-0.06561279
-0.06103516
-0.05493165
-0.05340577
-0.05340577
-0.05340577
-0.05187989
-0.05645757
-0.06103520
-0.06408696
-0.06408696
-0.06256108
-0.06256108
-0.06256108
-0.05645757
-0.04882818
-0.04882818
-0.04730225
-0.04272462
-0.03967286
-0.04577637
-0.05187988
-0.05493164
-0.05798339
-0.06408690
-0.07324222
-0.07629403
-0.07171640
-0.07629403
-0.08239754
-0.08239754
-0.08544935
-0.08850110
-0.08697523
-0.07934584
-0.07019052
-0.06256108
-0.06256108
-0.05645757
-0.04882818
-0.04882818
-0.04730225
-0.04272462
-0.03967286
-0.04577637
-0.05187988
-0.05493164
-0.05798339
-0.06408690
-0.07324222
-0.07629403
-0.07476815
-0.07781990
-0.08239753
-0.08087166
-0.08239754
-0.08697522
-0.08544935
-0.08392347
-0.08087166
-0.07781985
-0.08239746
-0.08392334
-0.08544922
-0.09002690
-0.08850102
-0.08087158
-0.08239745
-0.08239745
-0.08239745
-0.08087158
-0.07781985
-0.07934578
-0.07629403
-0.07324222
-0.07324222
-0.07781985
-0.08239746
-0.08392334
-0.08544922
-0.09002690
-0.08850102
-0.08087158
-0.07781982
-0.07476807
-0.07324220
-0.07019045
-0.06103521
-0.05340582
-0.04730231
-0.04119875
-0.04119875
-0.04272463
-0.04425051
-0.04577639
-0.04730226
-0.04730226
-0.04730226
-0.04882814
-0.04882814
-0.05035402
-0.05340583
-0.05950939
-0.06866465
-0.07324233
-0.06866470
-0.06866470
-0.07171646
-0.07324234
-0.07324234
-0.06866470
-0.06103526
-0.05493170
-0.04882819
-0.04272463
-0.04425051
-0.04577639
-0.04730226
-0.04730226
-0.04730226
-0.04882814
-0.04882814
-0.05035402
-0.05340583
-0.05950939
-0.06866465
-0.07324233
-0.07476821
-0.07934584
-0.08087172
-0.07934584
-0.07476820
-0.06408704
-0.05035408
-0.04272464
-0.03204350
-0.02288818
-0.01831055
-0.01831055
-0.01831055
-0.01983643
-0.02593995
-0.03662111
-0.04730226
-0.05493170
-0.05950933
-0.06713872
-0.07171635
-0.07171635
-0.07171635
-0.07324223
-0.07781986
-0.08087161
-0.07781986
-0.06866454
-0.05950927
-0.04577636
-0.03356933
-0.02746582
-0.02593994
-0.02288818
-0.01831055
-0.01831055
-0.01831055
-0.01983643
-0.02593995
-0.03662111
-0.04730226
-0.05493170
-0.05950933
-0.06713872
-0.07171635
-0.07171635
-0.07171635
-0.07324223
-0.07629398
-0.07476810
-0.06866459
-0.06103515
-0.05493164
-0.04730225
-0.04119874
-0.03814699
-0.03967287
-0.04425050
-0.04272463
-0.04272463
-0.04577639
-0.04577639
-0.04577639
-0.05187990
-0.05340578
-0.04882814
-0.04577638
-0.03814699
-0.03356935
-0.03204347
-0.03356935
-0.03662111
-0.04425050
-0.04272463
-0.04272463
-0.04577639
-0.04577639
-0.04577639
-0.04882815
-0.05035403
-0.04730227
-0.04730227
-0.04577639
-0.04882814
-0.05645750
-0.06561276
-0.07324220
-0.08544922
-0.09307858
-0.09765621
-0.10375972
-0.10681147
-0.10986328
-0.11291501
-0.11138921
-0.10681158
-0.10375977
-0.09918214
-0.09613041
-0.09918214
-0.10375977
-0.10528570
-0.09918214
-0.09155278
-0.08392334
-0.08087159
-0.08087159
-0.08087159
-0.08392332
-0.08544922
-0.08239752
-0.08544922
-0.09307858
-0.09765621
-0.10375972
-0.10681147
-0.10986328
-0.11291501
-0.11138921
-0.10681158
-0.10375977
-0.09918214
-0.09613041
-0.09918214
-0.10375977
-0.10528570
-0.10528570
-0.10375990
-0.09918222
-0.09460459
-0.09307872
-0.09155284
-0.09155284
-0.08850111
-0.08087173
-0.07476817
-0.06866461
-0.05950929
-0.05035401
-0.04577637
-0.04119873
-0.04425054
-0.04577647
-0.04272472
-0.04119884
-0.04272472
-0.04577647
-0.05340586
-0.06561289
-0.07171641
-0.07476817
-0.06866461
-0.05950929
-0.05035401
-0.04577637
-0.04119873
-0.03509522
-0.02899171
-0.02593996
-0.02746583
-0.03051758
-0.03356933
-0.03814697
-0.04272461
-0.04882813
-0.05645752
-0.06408691
-0.07171635
-0.07629403
-0.07629403
-0.07476816
-0.07476816
-0.07629403
-0.08087167
-0.07781991
-0.07019052
-0.06256113
-0.05645757
-0.05035401
-0.04425050
-0.04119874
-0.03967287
-0.03967287
-0.04119874
-0.04577637
-0.05035401
-0.05035401
-0.05187989
-0.05645752
-0.06408691
-0.07171635
-0.07629403
-0.07629403
-0.07476816
-0.07476816
-0.07629403
-0.08087167
-0.07781991
-0.07019052
-0.06256113
-0.05645757
-0.05035401
-0.04882814
-0.05187989
-0.05493170
-0.05950931
-0.05798343
-0.05493167
-0.05950931
-0.06713870
-0.07019045
-0.07629401
-0.08087169
-0.08392342
-0.08850102
-0.08544929
-0.08850104
-0.09765631
-0.10070806
-0.09613043
-0.09613043
-0.09307862
-0.08850094
-0.08544921
-0.07629393
-0.07324218
-0.07476806
-0.07629399
-0.07934572
-0.07934572
-0.07171633
-0.07019046
-0.07324221
-0.07171633
-0.07629401
-0.08087169
-0.08392342
-0.08850102
-0.08544929
-0.08850104
-0.09765631
-0.10070806
-0.09613043
-0.09613043
-0.09307862
-0.08850094
-0.08544921
-0.07629393
-0.07019042
-0.06561279
-0.06103516
-0.05950928
-0.06103516
-0.05798341
-0.05493166
-0.05645753
-0.05645753
-0.05798340
-0.06408691
-0.06866454
-0.07171629
-0.07324217
-0.07476804
-0.07324216
-0.07171628
-0.06866453
-0.06713865
-0.06561278
-0.06103515
-0.05798340
-0.05798340
-0.05798340
-0.05798340
-0.06408691
-0.06866454
-0.07171629
-0.07324217
-0.07476804
-0.07629392
-0.07934567
-0.07629392
-0.06866453
-0.06103514
-0.05493163
-0.04882812
-0.04272461
-0.03662110
-0.03509523
-0.03509523
-0.03356936
-0.03662111
-0.04119875
-0.04577639
-0.04730227
-0.05187991
-0.05493167
-0.05645755
-0.05798342
-0.05950929
-0.05950929
-0.05493166
-0.05187990
-0.05340578
-0.05645753
-0.05493165
-0.05187989
-0.04730225
-0.04272462
-0.03662111
-0.03204347
-0.03204347
-0.03509523
-0.03509523
-0.03356936
-0.03662111
-0.04119875
-0.04577639
-0.04730227
-0.05187991
-0.05493167
-0.05645755
-0.05798342
-0.05950929
-0.05950929
-0.05493166
-0.05187990
-0.05035402
-0.05187990
-0.05340577
-0.06103513
-0.06713869
-0.06408694
-0.06103519
-0.06103519
-0.06408695
-0.06866458
-0.07629402
-0.08239750
-0.08850101
-0.09002691
-0.09460451
-0.09307863
-0.09460451
-0.09613038
-0.10223386
-0.10528567
-0.09918211
-0.09155275
-0.08392337
-0.07629399
-0.06866458
-0.07629402
-0.08239750
-0.08850101
-0.09002691
-0.09460451
-0.10070807
-0.10375982
-0.10833750
-0.10833750
-0.10375987
-0.09613043
-0.08392343
-0.07324229
-0.06713878
-0.06103525
-0.05950932
-0.05950932
-0.05340576
-0.05187988
-0.05187988
-0.05340576
-0.05950928
-0.06408691
-0.06256104
-0.05798341
-0.05493166
-0.05340579
-0.05645754
-0.06256110
-0.06713873
-0.07324229
-0.07324229
-0.06866466
-0.06561290
-0.06103526
-0.05798350
-0.05950937
-0.06103525
-0.05950932
-0.05950932
-0.05340576
-0.05187988
-0.05187988
-0.05340576
-0.05950928
-0.06408691
-0.06256104
-0.05798341
-0.05493166
-0.05340579
-0.05645754
-0.06103517
-0.06713868
-0.07019043
-0.06866455
-0.06713868
-0.07019043
-0.07781979
-0.08239747
-0.08392334
-0.08392334
-0.08239746
-0.08087158
-0.08392339
-0.09002695
-0.09002695
-0.08239756
-0.07934583
-0.07781990
-0.07781990
-0.07476815
-0.07324228
-0.07476816
-0.07629396
-0.07629396
-0.07781983
-0.08392334
-0.08239746
-0.08087158
-0.08392339
-0.09002695
-0.09002695
-0.08239756
-0.07324232
-0.06256112
-0.05798349
-0.05798349
-0.05798349
-0.05950937
-0.06103517
-0.06256097
-0.06713865
-0.07629397
-0.08239748
-0.08850100
-0.09002688
-0.09002688
-0.09460449
-0.09918212
-0.10070802
-0.10375982
-0.10681152
-0.10986322
-0.10681147
-0.10528559
-0.10375971
-0.09613032
-0.08697508
-0.08087157
-0.07476806
-0.06866453
-0.06713863
-0.06561273
-0.07019041
-0.07629397
-0.08239748
-0.08850100
-0.09002688
-0.09002688
-0.09460449
-0.09918212
-0.10070802
-0.10375982
-0.10681152
-0.10986322
-0.10681147
-0.10528559
-0.10986322
-0.11291503
-0.11596683
-0.12207033
-0.12207033
-0.11444092
-0.10681154
-0.09765628
-0.09613040
-0.09613040
-0.09613040
-0.09765620
-0.09307860
-0.08392340
-0.08239750
-0.08239750
-0.08239750
-0.08392338
-0.08697513
-0.09307869
-0.09460462
-0.09155289
-0.09155289
-0.08850108
-0.08544935
-0.08850116
-0.09765644
-0.11138932
-0.11749283
-0.11444102
-0.10986334
-0.10528571
-0.09918215
-0.09613040
-0.09613040
-0.09765620
-0.09307860
-0.08392340
-0.08239750
-0.08239750
-0.08239750
-0.08392338
-0.08697513
-0.09307869
-0.09460462
-0.09155289
-0.09155289
-0.08850108
-0.08087172
-0.08239760
-0.08697528
-0.09155296
-0.09613057
-0.09613057
-0.09155289
-0.08850114
-0.08392346
-0.08087171
-0.08087171
-0.07629408
-0.07171640
-0.06713872
-0.05950936
-0.05340580
-0.05645755
-0.06103523
-0.06561291
-0.07324227
-0.07934583
-0.08087171
-0.08087171
-0.08087171
-0.08087171
-0.08087171
-0.07629408
-0.07171640
-0.06713872
-0.05950936
-0.05340580
-0.05493167
-0.05645754
-0.06103522
-0.06561285
-0.06561285
-0.07019048
-0.07781986
-0.08239754
-0.08239754
-0.08392342
-0.08392342
-0.08544930
-0.08544930
-0.08392342
-0.08544930
-0.08697523
-0.08392353
-0.08544933
-0.09307869
-0.09918217
-0.10223398
-0.10681161
-0.10070805
-0.10070805
-0.10223392
-0.10223392
-0.10070799
-0.09307863
-0.09002690
-0.09155280
-0.09155280
-0.08239754
-0.08392342
-0.08392342
-0.08544930
-0.08544930
-0.08392342
-0.08544930
-0.08697523
-0.08392353
-0.08544933
-0.09307869
-0.09918217
-0.10223398
-0.10681161
-0.10986331
-0.11291512
-0.11444099
-0.10986331
-0.10375975
-0.09613039
-0.09155278
-0.08392342
-0.07781986
-0.07324223
-0.06866460
-0.06408692
-0.05950929
-0.05950929
-0.06103517
-0.07019043
-0.07324224
-0.07629399
-0.07781987
-0.07324224
-0.06866461
-0.07019048
-0.07171636
-0.07019048
-0.07324223
-0.06866460
-0.06408692
-0.05950929
-0.05950929
-0.06103517
-0.05950929
-0.05950929
-0.06256104
-0.06561279
-0.06561279
-0.06408691
-0.06256103
-0.06561279
-0.06561279
-0.06408691
-0.06866454
-0.07324215
-0.07629396
-0.07476809
-0.07324221
-0.07324221
-0.07781984
-0.07934571
-0.07781983
-0.07781983
-0.07781983
-0.07476810
-0.06866454
-0.06561278
-0.06561278
-0.06561278
-0.06408690
-0.06561278
-0.06866453
-0.06866453
-0.06713866
-0.06408691
-0.06408691
-0.06866454
-0.07324215
-0.07629396
-0.07476809
-0.07324221
-0.07324221
-0.07781984
-0.07934571
-0.07781983
-0.07781983
-0.07781983
-0.07476810
-0.06866454
-0.06866454
-0.06408691
-0.06408691
-0.06256103
-0.06256103
-0.06408691
-0.06713866
-0.06561279
-0.06713872
-0.07324228
-0.07781996
-0.08544940
-0.08697528
-0.09002709
-0.08850122
-0.08239770
-0.07476831
-0.06866479
-0.06103535
-0.05798354
-0.05798354
-0.05798354
-0.05645766
-0.05187998
-0.05187998
-0.05493174
-0.06256113
-0.07019052
-0.07476815
-0.07324228
-0.07019047
-0.06561279
-0.06866460
-0.07324228
-0.07781996
-0.08544940
-0.08697528
-0.09002709
-0.08850122
-0.08239770
-0.07476831
-0.06866479
-0.06103535
-0.05798354
-0.05798354
-0.05798354
-0.05645766
-0.05187998
-0.05340585
-0.05950937
-0.06408701
-0.07019053
-0.07324229
-0.06866466
-0.05798346
-0.05035402
-0.04577639
-0.04577639
-0.04425052
-0.05035400
-0.05950926
-0.06713864
-0.07324212
-0.07781975
-0.08392327
-0.08544915
-0.08850091
-0.08850091
-0.08544915
-0.07324215
-0.06256101
-0.05187987
-0.04577639
-0.04425052
-0.05035400
-0.05950926
-0.06713864
-0.07324212
-0.08544916
-0.10223386
-0.11444090
-0.12054441
-0.12207028
-0.12512203
-0.12359623
-0.11749272
-0.11138921
-0.10681160
-0.09765632
-0.08850101
-0.08239748
-0.07934573
-0.07476810
-0.06866459
-0.06408691
-0.06408691
-0.06408691
-0.06561279
-0.07019047
-0.07171635
-0.07019047
-0.07934575
-0.09307869
-0.10528573
-0.10833748
-0.10833748
-0.10986336
-0.11138929
-0.10833748
-0.10681160
-0.10681160
-0.09765632
-0.08850101
-0.08239748
-0.07934573
-0.07476810
-0.06866459
-0.06408691
-0.06408691
-0.06408691
-0.06561279
-0.07019047
-0.07171635
-0.07019047
-0.07019047
-0.07324223
-0.07781986
-0.07629398
-0.07324223
-0.07019048
-0.06561285
-0.06103517
-0.05950929
-0.05798342
-0.05798342
-0.06103517
-0.05950930
-0.06103518
-0.06408693
-0.06561281
-0.06713869
-0.06866456
-0.07019044
-0.07324219
-0.07324219
-0.06408692
-0.05950928
-0.05950928
-0.05798341
-0.05950928
-0.05798340
-0.05493165
-0.05035402
-0.04577639
-0.04577639
-0.05340578
-0.05798342
-0.05798342
-0.06103517
-0.05950930
-0.06103518
-0.06408693
-0.06561281
-0.06713869
-0.06866456
-0.07019044
-0.07324219
-0.07324219
-0.06408692
-0.05950928
-0.05950928
-0.05798341
-0.05950928
-0.05950928
-0.05950928
-0.05798340
-0.05798340
-0.05950927
-0.06713866
-0.07629398
-0.07629398
-0.07629398
-0.07629398
-0.07476810
-0.07476810
-0.07324223
-0.07019048
-0.07019048
-0.06866461
-0.06561280
-0.06713867
-0.07019042
-0.07019042
-0.07324217
-0.07629398
-0.07629398
-0.07629398
-0.07629398
-0.07476810
-0.07476810
-0.07476810
-0.06713871
-0.06256108
-0.06103521
-0.05340577
-0.04882813
-0.04730225
-0.04425050
-0.04425050
-0.04425050
-0.04272463
-0.04882814
-0.05493165
-0.05645752
-0.05950928
-0.06561279
-0.06866454
-0.07476810
-0.08087166
-0.08239754
-0.08239754
-0.08239754
-0.08087166
-0.07629403
-0.07781990
-0.07171639
-0.06713876
-0.06256108
-0.05493164
-0.04730225
-0.04577637
-0.04272462
-0.03967287
-0.04425050
-0.04272463
-0.04882814
-0.05493165
-0.05645752
-0.05950928
-0.06561279
-0.06866454
-0.07476810
-0.08087166
-0.08239754
-0.08239754
-0.08239754
-0.08087166
-0.07629403
-0.07476815
-0.07629403
-0.07934584
-0.07934584
-0.07781991
-0.07781991
-0.08087166
-0.08392347
-0.08850108
-0.09460459
-0.09918222
-0.10070815
-0.10070815
-0.09765634
-0.09613046
-0.09155283
-0.09155283
-0.09155283
-0.09002703
-0.09002703
-0.09002703
-0.08850110
-0.08850110
-0.09307871
-0.09460459
-0.09918222
-0.10070815
-0.10070815
-0.09765634
-0.09613046
-0.09765639
-0.10070812
-0.10223392
-0.10375982
-0.10833745
-0.10681157
-0.10375976
-0.10070795
-0.09918208
-0.09613033
-0.09307852
-0.08697504
-0.07934568
-0.07324217
-0.06561279
-0.06561279
-0.06408692
-0.06103517
-0.06256104
-0.06713867
-0.06561280
-0.06713867
-0.06866455
-0.07171636
-0.07781984
-0.08239745
-0.09002683
-0.09918209
-0.09918209
-0.09765621
-0.09918208
-0.09765621
-0.09613033
-0.09307852
-0.08697504
-0.07934568
-0.07324217
-0.06561279
-0.06561279
-0.06408692
-0.06103517
-0.06256104
-0.06713867
-0.06561280
-0.06713867
-0.06866455
-0.07019043
-0.07324218
-0.07171631
-0.07019043
-0.07324218
-0.07019043
-0.06713868
-0.06713868
-0.06713868
-0.06713868
-0.05798341
-0.05035402
-0.04882814
-0.05035402
-0.05035402
-0.05645758
-0.06103526
-0.06408701
-0.06713882
-0.07476820
-0.08697520
-0.09918222
-0.10681158
-0.10986333
-0.11138921
-0.10986328
